GilatChapter2
Problem 1
    6.0000   24.0000   81.0000   12.1825    8.0623    0.8660   23.0500


Problem 2
   44.0000
    9.0000
    3.9318
    8.0000
    0.1000
    2.3315


Problem 3
     0     3     6     9    12    15    18    21    24    27    30    33    36    39    42


Problem 4
    18
    14
    10
     6
     2
    -2
    -6
   -10
   -14
   -18
   -22


Problem 5
  Columns 1 through 9

    5.0000    8.7333   12.4667   16.2000   19.9333   23.6667   27.4000   31.1333   34.8667

  Columns 10 through 16

   38.6000   42.3333   46.0667   49.8000   53.5333   57.2667   61.0000


Problem 6
     3
     0
    -3
    -6
    -9
   -12
   -15
   -18
   -21
   -24
   -27
   -30
   -33
   -36


Problem 7
     4     4     4     4     4     4     4     4     4     4     4


Problem 8

Afirst =

     3     7    11    15    19    23    27    31    35    39    43    47    51


Asecond =

     3     7    11    15    43    47    51

Problem 9
         0    4.0000    8.0000   12.0000   16.0000   20.0000   24.0000   28.0000
   69.0000   68.0000   67.0000   66.0000   65.0000   64.0000   63.0000   62.0000
    1.4000    1.1000    0.8000    0.5000    0.2000   -0.1000   -0.4000   -0.7000


Problem 10
     7     7     7     7     7
     7     7     7     7     7
     7     7     7     7     7


Problem 11
a.
     2    -1     0     6
    -5    20    12    -3
    10     7    -2     1

b.
     2    -5    10
    -1    20     7
     0    12    -2
     6    -3     1


Problem 12
a.
     0     2     4     6

b.
     0     2     4     6     0     2     4     6

c.
     0     2     4     6
     0     2     4     6

d.
     0     0
     2     2
     4     4
     6     6

Problem 13
a.
    -3     5     0    14

b.
     7     5     0    14    -1     8

c.
    -6    -3     2     8

d.
     2    -3     0
     7     5    14
    -3    14    -6

Problem 14
a.

va =

     1     2     3     4     5

b.

vb =

     3     8    13

c.

vc =

     6     7     8     9    10     4     9    14

d.

vd =

     1     6    11     5    10    15

Problem 15
a.

ua =

    12
     4
    12
     6
     8
    24

b.

ub =

     6
    12
    18
    24
    30

c.

uc =

    12     4    12     6     8    24     3    10    30

d.

ud =

    15     2     6    15    12     9     6     3

Problem 16
a.

B =

    0.1000    0.2000    0.3000    0.4000
   14.0000   12.0000   10.0000    8.0000
    1.0000    1.0000    1.0000    1.0000

b.

C =

    14    12    10     8     6     4     2
     1     1     1     1     0     0     0

Problem 17
a.
     9    15
     1    -1

b.
     6    15    18    21
     4     4     4     4
     2    -1    -2    -3
    -6     0     2     4

c.
     4     4     4     4     4     4
     2     1     0    -1    -2    -3


Problem 18
a.
     0     0     0     1     1     1
     0     0     0     1     1     1

b.
     1     1     0     0     0     0
     1     0     1     0     0     0
     1     0     0     1     0     0
     1     0     0     0     1     0

c.
     1     1
     0     0
     0     0
     1     1


Problem 19
     1     0     0     0     0     0
     0     1     0     0     0     0
     0     0     1     0     0     0
     0     0     0     1     0     0
     0     0     0     0     1     0
     0     0     0     0     0     1

     1     0     0     3     3     3
     0     1     0     3     3     3
     0     0     1     3     3     3
     0     0     0     1     0     0
     2     2     2     2     1     0
     2     2     2     2     0     1


Problem 20
     1     2     3     4     5     6     7
     8     9    10    11    12    13    14
    15    16    17    18    19    20    21
    22    23    24    25    26    27    28
    29    30    31    32    33    34    35


Problem 21
     1     1     1     0     0     0
     1     1     1     0     0     0
     1     1     1     0     0     0
     0     0     0     1     1     1
     0     0     0     1     1     1
     0     0     0     1     1     1


diary off
